red = [(128,0,0), (139, 0, 0), (165, 42, 42), (178, 34, 34), (220, 20, 60), (255, 0, 0), (255, 99, 71), (255, 127, 80), (205, 92, 92), (240, 128, 128), (233, 150, 122), (250, 128, 114), (255, 160, 122), (255, 69, 0)]
orange = [(255, 69, 0), (255, 140, 0), (255, 165, 0)]
green = [(255, 255, 0), (154, 205, 50), (85, 107, 47), (107, 142, 35), (124, 252, 0), (127, 255, 0), (173, 255, 47), (0, 100, 0), (0, 128, 0), (34, 139, 34), (0, 255, 0), (50, 205, 50), (144, 238, 144), (152, 251, 152), (143, 188, 143), (0, 250, 154), (0, 255, 127), (46, 139, 87), (102, 205, 170), (60, 179, 113), (32, 178, 170), (47, 79, 79), (0, 128, 128), (0, 139, 139)
]
blue = (70, 130, 180), (100, 149, 237), (0, 191, 255), (30, 144, 255), (173, 216, 230), (135, 206, 235), (135, 206, 250), (25, 25, 112), (0, 0, 128), (0, 0, 139), (0, 0, 205), (0, 0, 255), (65, 105, 225), (138, 43, 226), (75, 0, 130), (72, 61, 139)



    [128, 0, 0],
    [139, 0, 0],
    [165, 42, 42],
    [178, 34, 34],
    [220, 20, 60],
    [255, 0, 0],
    [255, 99, 71],
    [255, 127, 80],
    [205, 92, 92],
    [240, 128, 128],
    [233, 150, 122],
    [250, 128, 114],
    [255, 160, 122],
    [255, 69, 0],
    [255, 69, 0],
    [255, 140, 0],
    [255, 165, 0],
    [255, 255, 0],
    [154, 205, 50],
    [85, 107, 47],
    [107, 142, 35],
    [124, 252, 0],
    [127, 255, 0],
    [173, 255, 47],
    [0, 100, 0],
    [0, 128, 0],
    [34, 139, 34],
    [0, 255, 0],
    [50, 205, 50],
    [144, 238, 144],
    [152, 251, 152],
    [143, 188, 143],
    [0, 250, 154],
    [0, 255, 127],
    [46, 139, 87],
    [102, 205, 170],
    [60, 179, 113],
    [32, 178, 170],
    [47, 79, 79],
    [0, 128, 128],
    [0, 139, 139],
    [70, 130, 180],
    [100, 149, 237],
    [0, 191, 255],
    [30, 144, 255],
    [173, 216, 230],
    [135, 206, 235],
    [135, 206, 250],
    [25, 25, 112],
    [0, 0, 128],
    [0, 0, 139],
    [0, 0, 205],
    [0, 0, 255],
    [65, 105, 225],

(128, 0, 0): 'Dark Red',
    (139, 0, 0): 'Dark Red',
    (165, 42, 42): 'Brown Red',
    (178, 34, 34): 'Firebrick',
    (220, 20, 60): 'Crimson',
    (255, 0, 0): 'Red',
    (255, 99, 71): 'Tomato',
    (255, 127, 80): 'Coral',
    (205, 92, 92): 'Indian Red',
    (240, 128, 128): 'Light Coral',
    (233, 150, 122): 'Dark Salmon',
    (250, 128, 114): 'Salmon',
    (255, 160, 122): 'Light Salmon',
    (255, 69, 0): 'Red-Orange',
    (255, 69, 0): 'Red-Orange',  # Duplicate entry
    (255, 140, 0): 'Orange Red',
    (255, 165, 0): 'Orange',
    (255, 255, 0): 'Yellow',
    (154, 205, 50): 'Yellow Green',
    (85, 107, 47): 'Dark Olive Green',
    (107, 142, 35): 'Olive Drab',
    (124, 252, 0): 'Lawn Green',
    (127, 255, 0): 'Chartreuse',
    (173, 255, 47): 'Green Yellow',
    (0, 100, 0): 'Dark Green',
    (0, 128, 0): 'Green',
    (34, 139, 34): 'Forest Green',
    (0, 255, 0): 'Lime',
    (50, 205, 50): 'Lime Green',
    (144, 238, 144): 'Light Green',
    (152, 251, 152): 'Pale Green',
    (143, 188, 143): 'Dark Sea Green',
    (0, 250, 154): 'Medium Spring Green',
    (0, 255, 127): 'Spring Green',
    (46, 139, 87): 'Sea Green',
    (102, 205, 170): 'Medium Aqua Marine',
    (60, 179, 113): 'Medium Sea Green',
    (32, 178, 170): 'Light Sea Green',
    (47, 79, 79): 'Dark Slate Gray',
    (0, 128, 128): 'Teal',
    (0, 139, 139): 'Dark Cyan',
    (70, 130, 180): 'Steel Blue',
    (100, 149, 237): 'Cornflower Blue',
    (0, 191, 255): 'Deep Sky Blue',
    (30, 144, 255): 'Dodger Blue',
    (173, 216, 230): 'Light Blue',
    (135, 206, 235): 'Sky Blue',
    (135, 206, 250): 'Light Sky Blue',
    (25, 25, 112): 'Midnight Blue',
    (0, 0, 128): 'Navy',
    (0, 0, 139): 'Dark Blue',
    (0, 0, 205): 'Medium Blue',
    (0, 0, 255): 'Blue',
    (65, 105, 225): 'Royal Blue',
    (138, 43, 226): 'Blue Violet',
    (75, 0, 130): 'Indigo',
    (72, 61, 139): 'Dark Slate Blue'
    [138, 43, 226],
    [75, 0, 130],
    [72, 61, 139]

